[1, 19, 0, 1]
[0, 2, 19, 1, 0]
[2, 19, 1, 2]
[2, 9, 0, 1, 19, 2]
[2, 9, 19, 2]
[1, 19, 2, 6, 0, 1]
[2, 19, 6, 2]
[0, 3, 6, 2, 19, 1, 0]
[3, 6, 2, 19, 3]
[3, 5, 0, 1, 19, 2, 6, 3]
[5, 19, 2, 6, 3, 5]
[0, 13, 3, 6, 2, 19, 1, 0]
[3, 14, 0, 1, 19, 2, 6, 3]
[0, 8, 3, 6, 2, 19, 1, 0]
[3, 6, 2, 19, 8, 3]
[0, 15, 3, 6, 2, 19, 1, 0]
[3, 16, 0, 1, 19, 2, 6, 3]
[3, 17, 0, 1, 19, 2, 6, 3]
[0, 18, 3, 6, 2, 19, 1, 0]
[2, 19, 1, 0, 11, 2]
[0, 12, 2, 19, 1, 0]
[0, 4, 19, 1, 0]
[0, 7, 19, 1, 0]
[0, 10, 19, 1, 0]
[0, 2, 19, 0]
[1, 2, 19, 0, 1]
[2, 9, 0, 19, 2]
[2, 19, 0, 6, 2]
[0, 3, 6, 2, 19, 0]
[3, 5, 0, 19, 2, 6, 3]
[3, 6, 2, 19, 0, 13, 3]
[3, 14, 0, 19, 2, 6, 3]
[0, 8, 3, 6, 2, 19, 0]
[3, 6, 2, 19, 0, 15, 3]
[3, 16, 0, 19, 2, 6, 3]
[3, 17, 0, 19, 2, 6, 3]
[3, 6, 2, 19, 0, 18, 3]
[0, 11, 2, 19, 0]
[0, 12, 2, 19, 0]
[0, 4, 19, 0]
[0, 7, 19, 0]
[0, 10, 19, 0]
[1, 2, 0, 1]
[2, 9, 0, 2]
[2, 9, 19, 1, 0, 2]
[0, 2, 6, 0]
[6, 19, 1, 0, 2, 6]
[3, 6, 2, 0, 3]
[0, 2, 6, 3, 19, 1, 0]
[3, 5, 0, 2, 6, 3]
[3, 5, 19, 1, 0, 2, 6, 3]
[3, 13, 0, 2, 6, 3]
[3, 6, 2, 0, 14, 3]
[0, 8, 3, 6, 2, 0]
[0, 2, 6, 3, 8, 19, 1, 0]
[0, 15, 3, 6, 2, 0]
[3, 6, 2, 0, 16, 3]
[3, 6, 2, 0, 17, 3]
[3, 6, 2, 0, 18, 3]
[0, 2, 11, 0]
[0, 12, 2, 0]
[0, 4, 19, 2, 0]
[0, 7, 19, 2, 0]
[0, 10, 19, 2, 0]
[0, 9, 2, 1, 0]
[2, 9, 19, 1, 2]
[0, 1, 2, 6, 0]
[6, 19, 1, 2, 6]
[3, 6, 2, 1, 0, 3]
[3, 6, 2, 1, 19, 3]
[3, 5, 0, 1, 2, 6, 3]
[3, 5, 19, 1, 2, 6, 3]
[3, 6, 2, 1, 0, 13, 3]
[3, 14, 0, 1, 2, 6, 3]
[0, 8, 3, 6, 2, 1, 0]
[3, 6, 2, 1, 19, 8, 3]
[3, 6, 2, 1, 0, 15, 3]
[3, 16, 0, 1, 2, 6, 3]
[3, 17, 0, 1, 2, 6, 3]
[3, 6, 2, 1, 0, 18, 3]
[0, 11, 2, 1, 0]
[0, 12, 2, 1, 0]
[0, 4, 19, 2, 1, 0]
[0, 7, 19, 2, 1, 0]
[2, 19, 10, 0, 1, 2]
[0, 9, 19, 1, 0]
[2, 9, 0, 6, 2]
[0, 9, 2, 6, 19, 1, 0]
[2, 9, 0, 3, 6, 2]
[0, 9, 2, 6, 3, 19, 1, 0]
[3, 5, 0, 9, 2, 6, 3]
[3, 5, 19, 1, 0, 9, 2, 6, 3]
[0, 9, 2, 6, 3, 13, 0]
[3, 14, 0, 9, 2, 6, 3]
[0, 8, 3, 6, 2, 9, 0]
[0, 9, 2, 6, 3, 8, 19, 1, 0]
[0, 9, 2, 6, 3, 15, 0]
[3, 16, 0, 9, 2, 6, 3]
[3, 17, 0, 9, 2, 6, 3]
[0, 9, 2, 6, 3, 18, 0]
[2, 9, 0, 11, 2]
[0, 12, 2, 9, 0]
[0, 4, 19, 2, 9, 0]
[0, 7, 19, 2, 9, 0]
[2, 9, 0, 10, 19, 2]
[9, 19, 1, 0, 6, 2, 9]
[2, 9, 19, 6, 2]
[9, 19, 1, 0, 3, 6, 2, 9]
[2, 9, 19, 3, 6, 2]
[3, 5, 0, 1, 19, 9, 2, 6, 3]
[3, 5, 19, 9, 2, 6, 3]
[9, 19, 1, 0, 13, 3, 6, 2, 9]
[3, 14, 0, 1, 19, 9, 2, 6, 3]
[9, 19, 1, 0, 8, 3, 6, 2, 9]
[9, 19, 8, 3, 6, 2, 9]
[9, 19, 1, 0, 15, 3, 6, 2, 9]
[9, 19, 1, 0, 16, 3, 6, 2, 9]
[9, 19, 1, 0, 17, 3, 6, 2, 9]
[9, 19, 1, 0, 18, 3, 6, 2, 9]
[9, 19, 1, 0, 11, 2, 9]
[9, 19, 1, 0, 12, 2, 9]
[6, 19, 1, 0, 6]
[3, 6, 0, 3]
[3, 6, 0, 1, 19, 3]
[3, 5, 0, 6, 3]
[3, 5, 19, 1, 0, 6, 3]
[3, 13, 0, 6, 3]
[0, 6, 3, 14, 0]
[3, 6, 0, 8, 3]
[3, 6, 0, 1, 19, 8, 3]
[0, 6, 3, 15, 0]
[3, 6, 0, 16, 3]
[3, 6, 0, 17, 3]
[3, 6, 0, 18, 3]
[2, 11, 0, 6, 2]
[0, 12, 2, 6, 0]
[0, 4, 19, 2, 6, 0]
[7, 19, 2, 6, 0, 7]
[0, 10, 19, 2, 6, 0]
[3, 6, 19, 1, 0, 3]
[3, 6, 19, 3]
[3, 5, 0, 1, 19, 6, 3]
[5, 19, 6, 3, 5]
[3, 6, 19, 1, 0, 13, 3]
[3, 14, 0, 1, 19, 6, 3]
[0, 8, 3, 6, 19, 1, 0]
[3, 8, 19, 6, 3]
[3, 6, 19, 1, 0, 15, 3]
[3, 16, 0, 1, 19, 6, 3]
[3, 17, 0, 1, 19, 6, 3]
[3, 6, 19, 1, 0, 18, 3]
[1, 19, 6, 2, 11, 0, 1]
[2, 12, 0, 1, 19, 6, 2]
[3, 19, 1, 0, 3]
[3, 5, 0, 3]
[5, 19, 1, 0, 3, 5]
[3, 13, 0, 3]
[3, 14, 0, 3]
[0, 8, 3, 0]
[3, 8, 19, 1, 0, 3]
[0, 15, 3, 0]
[0, 16, 3, 0]
[3, 17, 0, 3]
[0, 3, 18, 0]
[0, 3, 6, 2, 11, 0]
[0, 12, 2, 6, 3, 0]
[0, 3, 6, 2, 19, 4, 0]
[0, 3, 6, 2, 19, 7, 0]
[0, 3, 6, 2, 19, 10, 0]
[3, 5, 0, 1, 19, 3]
[5, 19, 3, 5]
[3, 13, 0, 1, 19, 3]
[3, 14, 0, 1, 19, 3]
[3, 8, 0, 1, 19, 3]
[3, 19, 8, 3]
[0, 15, 3, 19, 1, 0]
[1, 19, 3, 16, 0, 1]
[3, 19, 1, 0, 17, 3]
[0, 18, 3, 19, 1, 0]
[3, 6, 2, 11, 0, 1, 19, 3]
[2, 12, 0, 1, 19, 3, 6, 2]
[5, 19, 1, 0, 5]
[3, 13, 0, 5, 3]
[3, 5, 0, 14, 3]
[3, 5, 0, 8, 3]
[3, 5, 0, 1, 19, 8, 3]
[3, 5, 0, 15, 3]
[3, 5, 0, 16, 3]
[3, 5, 0, 17, 3]
[3, 5, 0, 18, 3]
[3, 5, 0, 11, 2, 6, 3]
[3, 5, 0, 12, 2, 6, 3]
[3, 5, 0, 4, 19, 2, 6, 3]
[3, 5, 0, 7, 19, 2, 6, 3]
[3, 5, 0, 10, 19, 2, 6, 3]
[3, 5, 19, 1, 0, 13, 3]
[3, 5, 19, 1, 0, 14, 3]
[3, 5, 19, 1, 0, 8, 3]
[5, 19, 8, 3, 5]
[3, 5, 19, 1, 0, 15, 3]
[3, 5, 19, 1, 0, 16, 3]
[3, 5, 19, 1, 0, 17, 3]
[3, 5, 19, 1, 0, 18, 3]
[3, 5, 19, 1, 0, 11, 2, 6, 3]
[3, 5, 19, 1, 0, 12, 2, 6, 3]
[3, 13, 0, 14, 3]
[3, 13, 0, 8, 3]
[1, 19, 8, 3, 13, 0, 1]
[3, 13, 0, 15, 3]
[3, 13, 0, 16, 3]
[3, 13, 0, 17, 3]
[3, 13, 0, 18, 3]
[3, 6, 2, 11, 0, 13, 3]
[3, 6, 2, 12, 0, 13, 3]
[0, 4, 19, 2, 6, 3, 13, 0]
[3, 6, 2, 19, 7, 0, 13, 3]
[3, 6, 2, 19, 10, 0, 13, 3]
[3, 14, 0, 8, 3]
[3, 14, 0, 1, 19, 8, 3]
[0, 15, 3, 14, 0]
[3, 14, 0, 16, 3]
[3, 14, 0, 17, 3]
[3, 14, 0, 18, 3]
[3, 14, 0, 11, 2, 6, 3]
[3, 14, 0, 12, 2, 6, 3]
[3, 14, 0, 4, 19, 2, 6, 3]
[3, 14, 0, 7, 19, 2, 6, 3]
[3, 14, 0, 10, 19, 2, 6, 3]
[0, 8, 19, 1, 0]
[0, 15, 3, 8, 0]
[0, 8, 3, 16, 0]
[0, 8, 3, 17, 0]
[0, 18, 3, 8, 0]
[0, 8, 3, 6, 2, 11, 0]
[0, 8, 3, 6, 2, 12, 0]
[0, 8, 3, 6, 2, 19, 4, 0]
[0, 8, 3, 6, 2, 19, 7, 0]
[0, 8, 3, 6, 2, 19, 10, 0]
[1, 19, 8, 3, 15, 0, 1]
[3, 16, 0, 1, 19, 8, 3]
[3, 17, 0, 1, 19, 8, 3]
[3, 18, 0, 1, 19, 8, 3]
[3, 6, 2, 11, 0, 1, 19, 8, 3]
[3, 6, 2, 12, 0, 1, 19, 8, 3]
[0, 15, 3, 16, 0]
[0, 15, 3, 17, 0]
[0, 15, 3, 18, 0]
[3, 6, 2, 11, 0, 15, 3]
[3, 6, 2, 12, 0, 15, 3]
[0, 4, 19, 2, 6, 3, 15, 0]
[3, 6, 2, 19, 7, 0, 15, 3]
[3, 6, 2, 19, 10, 0, 15, 3]
[3, 17, 0, 16, 3]
[0, 18, 3, 16, 0]
[3, 16, 0, 11, 2, 6, 3]
[3, 16, 0, 12, 2, 6, 3]
[3, 16, 0, 4, 19, 2, 6, 3]
[3, 16, 0, 7, 19, 2, 6, 3]
[3, 16, 0, 10, 19, 2, 6, 3]
[0, 18, 3, 17, 0]
[3, 17, 0, 11, 2, 6, 3]
[3, 17, 0, 12, 2, 6, 3]
[3, 17, 0, 4, 19, 2, 6, 3]
[3, 17, 0, 7, 19, 2, 6, 3]
[3, 17, 0, 10, 19, 2, 6, 3]
[3, 6, 2, 11, 0, 18, 3]
[3, 6, 2, 12, 0, 18, 3]
[0, 4, 19, 2, 6, 3, 18, 0]
[3, 6, 2, 19, 7, 0, 18, 3]
[3, 6, 2, 19, 10, 0, 18, 3]
[0, 12, 2, 11, 0]
[0, 4, 19, 2, 11, 0]
[0, 7, 19, 2, 11, 0]
[0, 10, 19, 2, 11, 0]
[0, 12, 2, 19, 4, 0]
[0, 12, 2, 19, 7, 0]
[0, 12, 2, 19, 10, 0]
[0, 7, 19, 4, 0]
[0, 4, 19, 10, 0]
[0, 7, 19, 10, 0]
